#START 	 END
292 	 2797
2798 	 3731
3731 	 5018
8272 	 9076
12100 	 13963
14021 	 15182
16830 	 18324
18417 	 19698
19949 	 21116
21157 	 22081
29698 	 30559
30601 	 33418
34450 	 35401
36547 	 37369
37842 	 38973
38990 	 42212
42367 	 42868
43459 	 43984
46474 	 47068
50545 	 51379
51453 	 52335
52640 	 53672
54304 	 55345
56392 	 57838
62813 	 63338
66110 	 66947
67020 	 67551
67802 	 68378
70250 	 71447
76130 	 77288
79193 	 79874
80717 	 81236
81876 	 82584
87170 	 87734
94507 	 95536
95707 	 97576
98282 	 99254
100315 	 101257
101634 	 103401
103402 	 104875
105219 	 106230
106334 	 107306
107308 	 108625
108651 	 109869
109892 	 110933
110986 	 112462
112478 	 113375
113376 	 114207
114296 	 115466
115539 	 116679
116779 	 117697
118561 	 121207
123547 	 124591
127670 	 128186
128836 	 129388
129408 	 130239
132258 	 132960
133120 	 135784
135798 	 137691
137835 	 139323
139555 	 140056
141448 	 144199
147035 	 148619
151186 	 151798
152609 	 153536
153550 	 154303
155517 	 156141
156984 	 157731
161071 	 161590
173907 	 176019
176481 	 178647
178866 	 181116
181124 	 181964
182008 	 182854
183003 	 184833
186477 	 187794
190970 	 192020
192260 	 193574
193710 	 194886
200283 	 201117
201251 	 202103
202249 	 202975
203124 	 203682
204208 	 204970
205161 	 205917
205929 	 206787
206798 	 208151
208180 	 210613
211223 	 212249
212260 	 212809
212812 	 213601
214026 	 214749
215378 	 218861
218873 	 219833
219931 	 222073
222631 	 223882
226897 	 227809
227844 	 228453
229915 	 231328
241110 	 242331
242353 	 245152
248186 	 248702
248778 	 249288
249445 	 251002
252822 	 253767
260740 	 262456
262652 	 263216
265388 	 266153
267827 	 268910
272102 	 272615
273912 	 274491
274738 	 276010
276469 	 277417
277615 	 279430
279434 	 280034
280374 	 281265
283699 	 285049
285835 	 286747
287332 	 288409
289342 	 290149
290173 	 292036
292564 	 293065
294585 	 295119
307541 	 308123
311774 	 312824
317130 	 318357
318803 	 321497
321643 	 322807
323907 	 324891
328261 	 329161
333071 	 334166
337733 	 338864
339612 	 341139
342975 	 343983
349266 	 349938
350172 	 351144
351704 	 352478
353377 	 354082
354173 	 355007
355012 	 355630
357427 	 358105
359906 	 360887
362972 	 363500
363612 	 364458
364864 	 365617
365739 	 368814
369120 	 370119
373472 	 374240
67020 	 67551
67802 	 68378
378539 	 379472
382076 	 382736
384435 	 386034
386577 	 387225
403264 	 404167
408927 	 410403
410416 	 412105
412298 	 412799
417654 	 418821
419168 	 419771
423756 	 424278
425030 	 425543
427721 	 428711
432109 	 433231
437393 	 438035
438219 	 440586
440599 	 442219
442241 	 442898
447841 	 448903
451455 	 452913
457368 	 458901
461609 	 462428
462662 	 463403
464985 	 467508
468168 	 468948
471271 	 472027
472098 	 473457
475504 	 476308
483647 	 484652
484656 	 485298
485337 	 486153
487435 	 489208
492998 	 493616
67020 	 67551
67802 	 68378
499382 	 500045
501528 	 502347
503123 	 504470
505649 	 507029
507427 	 508387
508408 	 509554
513211 	 514771
514780 	 516040
516050 	 516866
517153 	 517756
520392 	 521076
522455 	 523769
526767 	 527439
527469 	 530079
530091 	 531099
534072 	 535077
536275 	 537139
538107 	 539463
540485 	 541700
544408 	 545185
546979 	 547720
548770 	 551113
552142 	 552886
553584 	 556995
557062 	 557662
557831 	 560126
560413 	 561118
575621 	 576794
577195 	 578389
578400 	 581544
581855 	 583022
67802 	 68378
592586 	 593711
593946 	 597810
598444 	 599158
602106 	 603321
604646 	 605645
605654 	 607265
607278 	 608136
608357 	 608882
609679 	 611584
613100 	 614261
618455 	 619019
619147 	 620713
626063 	 627458
630295 	 631954
631976 	 632603
634617 	 635178
637513 	 638362
644756 	 645566
650728 	 651910
651913 	 652705
654663 	 655266
664026 	 665208
670051 	 670894
673284 	 675174
675376 	 677041
678058 	 678889
682000 	 682681
682685 	 684347
696139 	 696733
699170 	 700505
702299 	 703043
703065 	 703722
704039 	 704648
705635 	 706199
708398 	 709085
709463 	 710111
710122 	 710878
711266 	 712400
712427 	 713396
713925 	 715227
718001 	 719762
719777 	 720494
720721 	 723496
723510 	 724728
725004 	 725988
726143 	 726857
729011 	 730808
730926 	 732381
732382 	 732973
733152 	 734181
734195 	 735131
735181 	 736852
737122 	 738028
743559 	 744300
750952 	 752473
752488 	 753628
754608 	 755292
757153 	 758449
758459 	 759005
759041 	 759806
760927 	 761965
762101 	 762722
764532 	 765522
768553 	 769177
769921 	 770764
773936 	 774710
775401 	 776460
776469 	 777210
777919 	 778429
780370 	 782395
788297 	 788900
792365 	 793349
793873 	 794500
794684 	 795242
796490 	 798512
799785 	 800844
800865 	 801378
802613 	 803399
803605 	 804319
810567 	 811173
813684 	 815046
815697 	 817665
818201 	 820097
820124 	 821087
821227 	 822313
827293 	 828046
831811 	 832312
835088 	 835610
838375 	 839410
840631 	 842200
846759 	 847359
848283 	 848952
851317 	 852283
852452 	 854141
854160 	 855699
855776 	 856637
856639 	 857551
857650 	 860077
860084 	 861413
861423 	 861948
864445 	 865561
866538 	 867633
869493 	 870609
873125 	 873662
878062 	 878572
879336 	 880599
880612 	 881827
881836 	 882790
882831 	 883632
884748 	 885348
888602 	 889172
890648 	 892418
893083 	 893779
903232 	 904258
905306 	 906503
906543 	 907317
908225 	 908771
909100 	 909877
912001 	 914125
914508 	 915294
915300 	 916458
916585 	 917377
917381 	 918113
923118 	 925929
926322 	 926961
926971 	 927715
927747 	 928293
928750 	 932329
932397 	 932997
933169 	 935209
936769 	 938356
938412 	 939072
960954 	 961686
962105 	 963245
964084 	 964627
964707 	 965382
965382 	 967878
967923 	 968928
971072 	 971768
972620 	 973448
973688 	 974246
977716 	 978769
978997 	 979852
979880 	 981143
981923 	 983279
983335 	 984367
984472 	 985246
987616 	 988690
993459 	 994071
1002275 	 1002935
1003878 	 1005630
1007128 	 1007986
1011595 	 1012300
1013018 	 1014848
1017835 	 1018975
1019426 	 1021589
1021924 	 1022521
1023200 	 1024226
1024362 	 1025418
1025428 	 1026175
1026190 	 1026739
1026765 	 1027887
1027889 	 1028855
1029402 	 1030557
1030559 	 1031996
1032049 	 1033468
1033522 	 1034917
1034918 	 1036397
1036397 	 1037750
1037767 	 1038967
1038977 	 1040372
1041812 	 1042898
1043918 	 1044734
1044738 	 1045284
1045284 	 1046718
1046720 	 1047833
1047834 	 1048413
1049302 	 1049977
1050501 	 1051149
1051463 	 1052258
1052277 	 1053075
1053185 	 1054496
1054529 	 1055894
1056057 	 1057464
1058987 	 1060004
1068604 	 1069555
1069815 	 1071180
1071478 	 1072417
1074537 	 1075503
1078350 	 1079244
1082033 	 1082564
1083307 	 1083889
1108501 	 1109332
161071 	 161590
1115473 	 1116010
1116162 	 1116750
1116815 	 1117841
1117902 	 1118838
1119265 	 1120213
1120314 	 1121265
1121385 	 1123026
1127888 	 1128941
1139665 	 1140199
1141396 	 1142176
1155201 	 1157004
1157233 	 1158793
1158821 	 1160066
1160093 	 1161398
1168200 	 1168716
1168748 	 1170074
1173630 	 1174353
1175142 	 1175838
1177400 	 1178288
1178929 	 1180414
1190410 	 1191172
161071 	 161590
1196479 	 1197037
1203227 	 1204934
1205828 	 1206416
1206503 	 1207304
1207312 	 1208395
1208409 	 1209078
1209125 	 1209827
1210044 	 1210779
1211529 	 1212186
1212248 	 1214015
1214071 	 1214620
1215269 	 1215935
1220842 	 1221739
1221790 	 1223323
1223334 	 1224324
1224679 	 1225291
1225430 	 1226690
1229148 	 1229850
1229954 	 1230773
1230777 	 1232742
1233440 	 1235072
1235458 	 1236223
1236225 	 1237275
1237767 	 1238334
1238653 	 1239691
1239701 	 1241762
1242272 	 1243769
1244149 	 1244722
1244735 	 1245482
1245868 	 1246969
1246975 	 1249423
1253459 	 1255121
1255594 	 1256335
1256366 	 1256891
1257817 	 1258381
1258389 	 1259400
1261109 	 1262096
1262174 	 1263434
1263648 	 1264524
1267863 	 1268907
1269153 	 1270953
1270989 	 1271631
1274903 	 1276964
1279151 	 1280024
1280768 	 1281428
1288206 	 1288905
1288924 	 1290973
1291164 	 1292046
1293641 	 1294433
1299801 	 1300563
1302323 	 1303712
1310628 	 1312416
1312473 	 1313169
1313207 	 1313789
1313927 	 1315679
1315760 	 1316876
1320954 	 1321464
1322148 	 1323072
1328381 	 1329203
1338276 	 1339176
1342628 	 1343705
1343731 	 1345111
1345148 	 1346171
1346191 	 1347028
1347032 	 1347980
1347989 	 1348970
1349106 	 1349865
1351126 	 1352116
1356042 	 1356612
1356722 	 1357772
1357776 	 1359732
1362155 	 1362740
1371540 	 1372761
1373036 	 1373792
1373833 	 1375267
1375407 	 1376607
1376737 	 1377568
1378522 	 1379161
1382587 	 1383667
1384075 	 1384918
1384952 	 1386374
1386386 	 1387136
1390178 	 1390982
1397236 	 1397986
1400733 	 1402662
1404217 	 1405201
1405215 	 1407603
1408244 	 1408988
1409050 	 1409602
1411151 	 1411853
1411951 	 1413352
1416166 	 1418425
1418843 	 1419374
1419426 	 1420314
1420370 	 1421309
1421811 	 1422555
1425009 	 1425645
1428385 	 1428886
1438613 	 1441616
1443236 	 1444724
1444733 	 1445480
1445559 	 1446726
1446743 	 1447943
1450143 	 1451490
1452823 	 1453396
1454082 	 1455519
1455522 	 1456170
1456182 	 1456902
1457015 	 1457684
1457687 	 1458500
1461159 	 1462377
1464005 	 1464647
1468438 	 1469278
1469975 	 1471127
1480016 	 1480583
1481747 	 1482509
1482588 	 1483110
1487764 	 1488751
1489236 	 1489893
1490036 	 1491296
1497997 	 1499305
1502920 	 1503976
1508065 	 1509094
1509235 	 1510582
1511643 	 1512222
1512922 	 1514425
1514769 	 1515795
1515845 	 1517099
1520273 	 1521773
1521945 	 1523319
1530586 	 1532134
1532144 	 1533533
1538912 	 1539806
1540267 	 1541161
1541273 	 1541981
1547769 	 1548297
1551133 	 1551757
1554588 	 1555608
1559653 	 1561000
1562067 	 1562982
1565485 	 1566688
461609 	 462428
1576769 	 1577315
1577601 	 1579215
1579456 	 1581016
1581245 	 1582328
1582725 	 1583751
1591842 	 1592568
1606107 	 1607871
1615199 	 1616525
1616785 	 1617649
1617867 	 1618482
1618913 	 1619684
1619719 	 1620574
1624847 	 1626200
1629203 	 1630370
1630967 	 1634507
1634527 	 1636042
1636050 	 1636749
1636763 	 1637426
1639521 	 1640340
1640431 	 1641445
1641709 	 1642555
1643745 	 1644333
1646675 	 1648289
1649323 	 1649872
1650537 	 1652241
1652326 	 1653247
1653261 	 1654170
1654244 	 1655195
1655245 	 1656196
1660501 	 1661233
1663365 	 1664082
1672852 	 1673524
1673580 	 1674141
1674624 	 1676058
1677640 	 1678225
1680436 	 1681300
1681960 	 1684564
1687266 	 1689426
1690420 	 1691014
1691477 	 1692647
1692778 	 1693576
1701217 	 1701976
1702412 	 1703000
1703115 	 1704267
1559653 	 1561000
1708461 	 1710960
1710963 	 1712337
1712345 	 1713509
1722842 	 1723613
1724250 	 1725834
1725835 	 1727116
1727153 	 1728419
1729693 	 1730362
1731804 	 1733511
1733524 	 1734817
1734837 	 1735719
1735801 	 1736548
1736668 	 1737631
1737640 	 1738438
1738504 	 1739503
1739718 	 1741767
1742436 	 1743519
1743563 	 1744469
1745775 	 1747059
1747409 	 1748117
1748237 	 1749806
1750474 	 1751440
1752304 	 1753939
1762719 	 1763538
1766205 	 1766922
1767474 	 1768773
1559653 	 1561000
1781524 	 1784095
1785276 	 1790940
1791267 	 1792008
1792335 	 1794378
1794598 	 1795153
1795185 	 1796049
1796064 	 1797831
1797844 	 1799137
1799142 	 1799784
1799996 	 1803899
1805168 	 1806119
161071 	 161590
1809043 	 1809847
1817137 	 1817677
1824580 	 1825168
1825231 	 1827628
1827640 	 1828525
1828532 	 1829171
1858287 	 1858908
1871368 	 1872391
1872570 	 1873293
1873663 	 1874422
1876259 	 1876808
1881631 	 1882171
1883101 	 1883680
1884929 	 1885781
1890509 	 1891025
1891509 	 1892097
1900054 	 1901095
1901113 	 1901836
1903050 	 1903590
161071 	 161590
1906209 	 1906983
1907159 	 1908323
1917969 	 1918872
1919354 	 1920368
1924859 	 1925621
1941480 	 1942125
1942133 	 1942793
1946041 	 1946605
1951480 	 1952038
1954625 	 1955300
1559653 	 1561000
1963601 	 1965095
1966058 	 1967630
1967775 	 1968306
1970918 	 1971929
1972297 	 1973215
1976618 	 1977329
1977352 	 1978165
161071 	 161590
1988645 	 1989764
1994560 	 1995451
1995453 	 1996278
1996280 	 1997132
1997167 	 1997986
2003451 	 2004429
2008495 	 2009011
2010946 	 2011933
2012014 	 2012605
2013602 	 2014343
2016419 	 2017748
2019257 	 2020046
2020721 	 2021837
2021851 	 2022805
2024779 	 2025733
2027128 	 2030080
2030355 	 2030964
2031232 	 2032318
2033303 	 2034407
2034980 	 2037041
2038116 	 2038818
2044466 	 2045252
2045287 	 2045929
2048253 	 2049363
2049515 	 2050283
2054704 	 2055811
2055840 	 2056488
2056491 	 2057862
2058030 	 2058702
2058755 	 2060162
2069067 	 2069793
2070104 	 2070659
2075010 	 2075877
1559653 	 1561000
2081135 	 2082221
2082339 	 2083062
2083088 	 2083853
2083960 	 2084896
2084911 	 2085415
2085423 	 2086200
2091789 	 2092587
2092651 	 2096161
2096576 	 2097266
2097768 	 2098479
2100020 	 2100659
2104337 	 2104877
2105144 	 2106959
2107396 	 2108521
2111378 	 2111879
2120061 	 2120685
2122337 	 2125514
2131298 	 2131895
2142112 	 2143351
2144180 	 2144756
2145029 	 2145908
2146966 	 2148004
2148350 	 2148992
2148995 	 2149571
2149807 	 2150389
2150871 	 2151810
2152140 	 2153208
2154509 	 2155082
2158562 	 2159720
2164307 	 2164958
2165819 	 2166653
2168172 	 2168847
2172000 	 2174424
2174432 	 2176451
2176530 	 2177718
2183607 	 2184243
2184986 	 2188949
2189824 	 2190820
2190824 	 2191559
2191964 	 2192765
2193890 	 2195219
2195862 	 2196444
2199779 	 2200700
2202193 	 2202754
2202832 	 2203540
2204208 	 2204931
2204934 	 2205450
2205600 	 2206293
2207256 	 2210121
2210669 	 2211266
2218254 	 2218782
2221417 	 2222269
2223217 	 2223748
2224538 	 2225729
2230615 	 2232778
2234453 	 2235506
2236220 	 2237981
2238049 	 2238568
2240658 	 2241330
2245098 	 2246202
2246815 	 2247883
2257769 	 2258387
2258395 	 2259529
2259537 	 2260332
2260361 	 2261096
2261438 	 2262020
2262239 	 2262788
2262848 	 2263418
2263968 	 2265219
2265387 	 2266788
2268791 	 2269838
2275045 	 2275552
2280783 	 2281563
2285764 	 2286322
2294108 	 2295455
2296746 	 2297442
2298957 	 2300751
2300883 	 2302014
2302464 	 2304351
2304515 	 2305283
2306060 	 2306963
2310066 	 2310693
2311421 	 2312015
2312544 	 2313111
2313492 	 2314449
2322369 	 2323023
2325099 	 2326092
2326745 	 2327981
2327981 	 2329703
2329861 	 2330449
2332199 	 2332715
2338298 	 2339291
2339441 	 2340212
2341518 	 2342067
2345505 	 2346114
2346288 	 2347128
2348432 	 2349671
2349757 	 2350900
2358218 	 2358974
2359722 	 2360370
2363924 	 2364974
2365907 	 2366996
2369508 	 2370171
2374878 	 2375589
2378293 	 2379199
2379415 	 2380177
2380390 	 2381866
2382172 	 2382970
2382972 	 2383722
2384880 	 2386437
2386512 	 2388333
2388333 	 2389428
2389565 	 2390453
2390454 	 2392044
2394787 	 2396548
2398531 	 2400292
2403424 	 2404102
2406241 	 2406991
2413318 	 2413849
2414746 	 2415565
2416662 	 2417172
2425692 	 2428365
2428381 	 2429032
2429060 	 2429597
2432121 	 2433960
2434127 	 2435342
2435549 	 2436200
2436286 	 2436850
2436930 	 2438169
2438199 	 2439384
2449744 	 2450365
2450377 	 2451349
2454732 	 2455341
2455418 	 2456141
2460757 	 2463025
2463170 	 2464301
2466681 	 2467581
2468714 	 2469215
2470312 	 2471941
2471951 	 2473190
2473255 	 2474377
2474620 	 2475505
161071 	 161590
2484908 	 2486081
2486084 	 2487053
2487328 	 2489035
2489163 	 2489922
2490212 	 2491574
2494217 	 2494748
2495164 	 2495935
2500620 	 2501538
2501728 	 2502937
2505681 	 2506659
2506761 	 2507265
2509002 	 2509581
2510994 	 2512317
2516170 	 2517169
2518325 	 2518892
2519430 	 2520873
2525088 	 2526063
2526209 	 2526746
2528152 	 2528653
2530754 	 2531957
2532031 	 2534176
2534500 	 2535886
2538034 	 2538553
2538992 	 2539886
2551406 	 2552000
2552017 	 2552560
2553613 	 2554114
2558289 	 2559285
2560946 	 2561855
2562043 	 2564110
2568879 	 2569431
2569516 	 2570086
2570200 	 2570731
2575272 	 2575974
2583352 	 2584648
2585014 	 2586262
2587489 	 2588422
2588697 	 2589891
161071 	 161590
2597519 	 2598089
2599648 	 2600986
2601003 	 2602335
2605646 	 2606171
2606175 	 2609769
2617375 	 2618362
2620468 	 2622166
2622255 	 2622918
2622930 	 2623788
2631353 	 2632610
67020 	 67551
67802 	 68378
2636388 	 2637405
2643303 	 2644362
2646169 	 2646748
2650870 	 2651650
2651888 	 2652887
2653373 	 2654015
2654547 	 2655054
2657456 	 2658335
2659020 	 2660748
2669637 	 2670519
2670522 	 2671947
2671951 	 2673250
2673475 	 2674219
2676013 	 2676883
2676883 	 2677786
2682802 	 2683546
2683831 	 2684524
2685555 	 2686101
2686609 	 2687146
2687219 	 2687762
2691304 	 2691850
2693459 	 2694488
2695436 	 2696387
2696679 	 2698410
2702834 	 2704184
2704434 	 2707461
2708359 	 2709487
2711783 	 2712482
2716563 	 2717202
2717996 	 2718542
2718769 	 2720560
2720570 	 2721518
2721534 	 2722974
2723024 	 2723636
2723640 	 2725221
2725282 	 2726926
2726935 	 2727481
2727486 	 2728236
2728668 	 2729622
2729628 	 2730684
2730729 	 2731554
2732864 	 2734328
2735124 	 2735823
2737920 	 2738973
2739776 	 2741849
2741853 	 2743395
1559653 	 1561000
2758287 	 2758923
161071 	 161590
2771579 	 2772206
2779620 	 2780127
2787249 	 2787834
2788516 	 2789260
2789373 	 2790174
2794196 	 2794742
2794861 	 2796271
2796939 	 2797803
2804360 	 2805131
2807761 	 2808664
2811251 	 2811989
2817245 	 2817866
2821639 	 2822227
2822975 	 2823506
2826175 	 2827180
2836639 	 2837443
2837560 	 2838442
2838611 	 2839913
2842229 	 2843591
2845244 	 2846447
67802 	 68378
2850521 	 2851538
2857490 	 2858690
2859397 	 2860003
2860312 	 2861524
2867044 	 2867905
2868559 	 2869552
2870319 	 2871876
2873430 	 2874126
2875433 	 2876114
2877492 	 2878029
2884940 	 2886563
2887683 	 2888751
67802 	 68378
2891378 	 2891966
2895126 	 2895876
2895907 	 2898568
2898891 	 2900037
2901127 	 2901766
2907546 	 2908245
2912023 	 2912752
2915153 	 2916212
2919179 	 2919698
2919753 	 2920914
2923664 	 2924201
2925392 	 2925947
2925991 	 2927254
2927275 	 2928904
2929481 	 2930651
2933882 	 2934593
2936412 	 2937237
2937669 	 2938662
2952548 	 2954750
2954981 	 2956064
2956350 	 2957352
2957506 	 2958823
2958836 	 2960117
2961725 	 2963189
2963191 	 2963872
2965055 	 2965580
2970791 	 2972897
2972906 	 2973866
2974581 	 2975424
2975671 	 2976481
2976489 	 2977530
2977721 	 2978906
2979029 	 2979767
2982265 	 2983450
2983457 	 2985005
2986022 	 2986523
2988491 	 2989292
2990748 	 2992536
2997199 	 2997802
2998187 	 2998967
2999570 	 3000272
3000303 	 3001230
3002981 	 3004367
3004726 	 3005497
3009913 	 3011371
3011373 	 3012804
3017075 	 3018281
3022825 	 3023698
3024377 	 3025082
3025120 	 3026089
3027092 	 3028241
3029479 	 3031945
3032050 	 3032707
3034058 	 3034640
3045994 	 3046750
3048743 	 3049709
3050047 	 3050563
3052890 	 3053643
3053910 	 3054486
3055531 	 3056083
3057797 	 3058346
3064263 	 3065166
3065192 	 3066671
3069501 	 3070872
3070877 	 3072281
3072660 	 3073314
3074318 	 3075236
3077289 	 3078120
3084139 	 3084694
3085243 	 3087094
3088113 	 3088665
3090554 	 3091376
3091417 	 3092113
3092134 	 3093316
3093318 	 3094515
3095380 	 3096856
3104756 	 3105260
3108759 	 3109464
3115576 	 3116842
3116977 	 3118462
3118856 	 3119588
3120008 	 3120524
3123517 	 3124192
3125110 	 3125659
3131078 	 3132617
3133191 	 3133938
3142088 	 3142610
3142684 	 3143785
3145165 	 3146566
3151443 	 3152259
3152560 	 3155212
3155349 	 3157128
3157276 	 3158128
3161038 	 3161653
3164242 	 3165874
3165885 	 3166548
3166558 	 3167662
3167951 	 3168554
3170941 	 3171556
3175612 	 3176173
3176402 	 3177956
3177990 	 3179616
3186032 	 3188303
3189575 	 3190535
3191166 	 3192498
3194200 	 3194803
3194835 	 3195552
3196317 	 3197106
3197107 	 3198637
3198642 	 3199782
3199911 	 3200625
3202843 	 3203611
3208680 	 3209379
3209432 	 3210749
3211719 	 3212286
3213024 	 3213576
3213842 	 3214859
3217099 	 3218371
67802 	 68378
3224655 	 3226113
3226126 	 3227173
3227718 	 3228921
3231883 	 3234256
3234268 	 3235171
3235272 	 3235803
3235874 	 3236729
3245563 	 3246427
3246669 	 3247329
3247479 	 3248529
3248767 	 3249499
3249876 	 3251733
3251745 	 3253164
3253200 	 3254610
3254610 	 3255369
1509235 	 1510582
3260462 	 3261725
3262400 	 3263786
3264019 	 3265009
3265011 	 3266430
3269541 	 3270165
3273723 	 3274629
3278299 	 3278884
3286297 	 3286924
3287954 	 3288869
3289022 	 3291338
3291347 	 3292511
3304162 	 3305017
3305373 	 3306045
3306688 	 3307663
3307676 	 3308186
3308198 	 3309689
3311953 	 3313138
3316688 	 3317447
3317495 	 3318290
3318533 	 3319487
3327288 	 3328053
3329594 	 3330146
3342239 	 3343499
3344974 	 3346405
3347463 	 3348003
3348107 	 3348710
3349419 	 3349941
3354898 	 3356263
3356983 	 3358108
3358297 	 3359533
3359554 	 3360400
3363519 	 3364191
3364319 	 3365999
3366269 	 3367526
3367998 	 3368739
3371940 	 3373182
3375104 	 3375611
3377707 	 3379105
3398278 	 3398884
3400129 	 3401170
3402285 	 3402939
3405132 	 3406164
3407701 	 3408490
3414380 	 3415610
3416153 	 3416702
3420987 	 3422247
3428089 	 3429889
3429899 	 3430778
3433619 	 3434738
3434795 	 3435992
3436130 	 3437261
3437301 	 3438699
3442313 	 3442844
3443165 	 3446264
3446266 	 3447595
3447645 	 3448425
3448484 	 3451292
3451399 	 3452857
3452871 	 3454191
3454358 	 3455594
3458343 	 3459921
3460169 	 3460718
3461465 	 3462293
3462320 	 3463325
3466958 	 3467480
3468620 	 3469397
3471030 	 3472086
3473109 	 3474240
3479858 	 3480563
3482125 	 3482872
3484685 	 3485252
3486156 	 3486684
3486896 	 3489032
3489108 	 3490020
3490030 	 3490816
3490839 	 3492318
3496321 	 3497212
3497216 	 3498512
3500388 	 3500967
3500967 	 3501675
3504716 	 3505295
3508713 	 3509622
3510441 	 3511653
3511717 	 3512695
3513018 	 3513606
3514819 	 3515392
3515425 	 3516052
3517434 	 3518601
3519024 	 3520431
3521096 	 3521807
3522081 	 3522618
3522630 	 3523581
3523617 	 3524253
3525841 	 3526546
3526563 	 3527130
3527424 	 3528018
3529465 	 3530446
3530481 	 3530994
3531095 	 3531635
3532711 	 3533608
3534832 	 3535750
3538235 	 3539171
3539562 	 3540618
3540819 	 3542076
3545738 	 3547004
3560485 	 3561118
3561153 	 3561915
3564769 	 3565330
3569118 	 3570900
3570900 	 3571848
3572096 	 3573590
3574069 	 3574864
3574948 	 3577147
3578091 	 3580422
1559653 	 1561000
3584282 	 3585419
3585589 	 3587119
3588231 	 3589893
3589978 	 3591133
3602425 	 3602953
3606809 	 3607571
3607740 	 3608250
3614745 	 3615336
3626040 	 3626646
3628156 	 3629887
3629901 	 3630798
3631320 	 3632250
3636326 	 3636974
3638929 	 3639496
3641910 	 3642477
3643476 	 3644391
3649138 	 3649927
3652947 	 3653685
3654568 	 3655294
3656750 	 3657938
3658077 	 3658737
3659989 	 3661033
3661254 	 3661965
3662545 	 3663091
3664308 	 3664968
3668940 	 3669705
3674342 	 3675002
3675064 	 3676348
3679391 	 3680081
3683720 	 3685241
3685355 	 3686060
3686065 	 3687226
3688188 	 3688968
3689475 	 3690099
3691058 	 3691610
3691705 	 3692338
3692368 	 3694174
3694180 	 3694939
3694940 	 3696005
3697172 	 3698834
3705513 	 3706134
3706683 	 3707436
3710800 	 3711682
3711765 	 3712284
3712332 	 3713796
3715414 	 3717160
3717504 	 3719196
503123 	 504470
67802 	 68378
3723960 	 3724584
3726786 	 3728055
3728728 	 3729631
3729661 	 3732907
3733454 	 3734849
3734982 	 3736053
3736069 	 3738421
3738946 	 3740965
3742883 	 3743567
3743660 	 3744632
3744935 	 3745880
3746639 	 3747740
3748861 	 3749368
3751775 	 3753074
3758649 	 3759345
3759758 	 3760352
3762919 	 3763927
3766234 	 3766936
3769421 	 3769952
3772611 	 3773202
3781204 	 3781744
3781765 	 3782953
3783013 	 3783529
3788194 	 3789697
3791757 	 3793038
3793544 	 3794324
3794457 	 3795192
3795703 	 3796774
3797442 	 3798279
3798291 	 3799152
3799833 	 3800637
3800710 	 3801418
3801418 	 3802186
3803163 	 3805200
3805572 	 3806163
3806172 	 3806748
3811541 	 3812243
3812251 	 3813130
3813456 	 3814218
3818973 	 3820956
3822706 	 3823363
3824000 	 3824552
3824974 	 3825619
3825634 	 3827104
3828631 	 3829744
3835457 	 3836471
3838843 	 3840160
3843367 	 3844300
3846904 	 3847498
3849893 	 3850871
3850884 	 3851871
3851891 	 3852458
3852523 	 3853030
3853562 	 3854288
3854335 	 3855769
3856172 	 3856688
3856838 	 3857588
3864426 	 3868803
3868815 	 3870234
3870417 	 3871530
3872131 	 3872665
3877426 	 3878812
3884101 	 3885511
3885600 	 3886668
503123 	 504470
3894466 	 3895288
3898298 	 3898871
3901260 	 3901773
3905114 	 3905735
3906421 	 3906940
3909870 	 3910452
3911910 	 3913260
3920912 	 3921848
3922185 	 3923625
3923843 	 3924518
3924894 	 3925812
3926462 	 3927104
3928430 	 3929588
3929599 	 3930532
3930612 	 3932673
3933577 	 3934603
3934652 	 3935852
3935858 	 3936965
3936972 	 3937731
3943610 	 3944165
3948064 	 3948574
3948588 	 3949536
3949560 	 3950871
3950892 	 3952269
3955456 	 3955996
3962023 	 3962578
3963610 	 3964264
3964884 	 3965811
3971269 	 3972820
3977231 	 3977780
3980559 	 3982473
3982625 	 3983495
3985390 	 3986023
3986754 	 3988164
3991836 	 3993018
3993279 	 3995823
3996271 	 3997078
3997096 	 3998470
4006620 	 4007298
4013914 	 4014532
4017010 	 4019353
4020431 	 4022537
4022649 	 4023270
4023700 	 4024585
4026821 	 4028444
4032782 	 4034453
4035122 	 4037456
4038017 	 4038773
4039609 	 4040293
4040351 	 4040927
4041278 	 4042595
4046089 	 4046683
4047749 	 4050455
4051574 	 4052183
4052932 	 4054531
4056663 	 4058184
4061625 	 4062156
4068906 	 4069797
4072618 	 4073182
4082807 	 4083986
4097043 	 4097649
4101945 	 4102539
4105384 	 4105981
4106742 	 4107369
4107610 	 4109641
4110244 	 4110874
4112775 	 4113906
4113960 	 4114548
4114802 	 4116233
4116235 	 4117177
4117374 	 4118007
4118198 	 4118771
4118992 	 4119574
4120223 	 4120925
4121744 	 4123133
4123416 	 4124634
4125140 	 4125785
1509235 	 1510582
4137081 	 4138176
4139924 	 4141424
4142970 	 4144440
4145605 	 4146400
4146478 	 4147279
4147442 	 4148336
4148548 	 4149760
4151082 	 4152333
4153207 	 4154221
4154825 	 4156025
4156051 	 4156837
4157016 	 4157520
4161482 	 4162238
4162551 	 4163595
4164989 	 4165766
4166017 	 4166533
4168351 	 4168897
4169616 	 4170222
4170559 	 4171717
4171741 	 4174855
4177513 	 4178092
4180920 	 4182570
4183669 	 4184641
4184752 	 4185703
4186403 	 4187417
4188234 	 4188822
4190658 	 4191654
4194099 	 4194855
4198109 	 4198931
4198949 	 4199606
4203620 	 4204223
4204397 	 4205243
4207995 	 4209315
503123 	 504470
4211289 	 4212618
4215083 	 4216010
4226778 	 4227507
4228644 	 4229859
4231242 	 4232136
4237036 	 4237567
4237825 	 4238986
4241500 	 4242091
4246163 	 4247234
4247329 	 4248853
4248854 	 4250012
4252519 	 4254550
4254661 	 4255981
4257644 	 4258643
4259715 	 4260993
4261005 	 4261992
4261995 	 4263492
4263635 	 4264151
4265021 	 4265693
4266996 	 4268166
4268176 	 4269898
4284605 	 4286495
4286571 	 4287738
4287740 	 4288325
4289766 	 4290432
4290787 	 4292572
4292603 	 4295345
4295819 	 4297298
4297387 	 4298074
4298142 	 4299261
4303225 	 4304923
4304932 	 4306216
4306219 	 4307179
4308522 	 4309455
4309491 	 4310646
4311009 	 4311816
4311825 	 4312872
4312875 	 4313847
4323459 	 4324737
4327578 	 4328871
4329413 	 4330010
4332861 	 4333725
1970171 	 1970690
1970918 	 1971929
4336901 	 4337573
4339596 	 4340133
4340481 	 4342590
4342596 	 4343286
4343291 	 4345373
4347110 	 4348283
4349066 	 4350113
4361811 	 4362975
4363410 	 4364430
1559653 	 1561000
4376053 	 4376566
4376588 	 4377407
4379356 	 4380958
4381245 	 4382412
4382438 	 4385825
4386251 	 4386824
4387928 	 4388594
4391184 	 4392522
4392539 	 4393871
4397707 	 4398274
4404399 	 4404930
4409334 	 4410012
4410340 	 4411159
4411361 	 4411904
4414121 	 4414964
4415757 	 4416942
4417172 	 4417976
4420609 	 4422127
4422139 	 4423291
4423754 	 4424684
4425441 	 4426584
4429111 	 4430842
4431148 	 4431730
4439611 	 4441321
4452856 	 4454047
4458679 	 4459573
4462998 	 4463520
4468281 	 4469346
4473591 	 4474179
4474237 	 4474999
4479614 	 4480517
4485413 	 4487060
4487642 	 4488530
4489050 	 4490481
4490929 	 4491820
4492384 	 4493128
4493159 	 4494062
4494206 	 4494968
4494989 	 4495556
4497113 	 4497779
4500681 	 4501812
4505401 	 4505947
4505970 	 4506750
4506798 	 4507428
4519531 	 4520056
4522058 	 4523474
4523513 	 4524251
4528224 	 4528854
4530798 	 4531617
4534718 	 4536065
4536223 	 4538092
4538685 	 4540191
4540195 	 4541161
4541179 	 4542076
4542174 	 4543131
4543134 	 4544127
4552189 	 4552930
4552941 	 4553892
4556184 	 4556973
4558723 	 4559428
4561274 	 4564997
4565073 	 4569297
4569553 	 4570771
4570772 	 4571399
4571450 	 4572272
4572522 	 4574919
4580157 	 4580742
4582085 	 4582859
4582898 	 4583963
4583966 	 4584644
4585769 	 4586444
4587408 	 4588479
4588502 	 4589801
4589911 	 4590889
4591110 	 4592559
4599032 	 4599962
4600230 	 4601832
4601846 	 4603166
67020 	 67551
67802 	 68378
4604785 	 4606510
4607529 	 4611234
4612276 	 4613908
4616974 	 4617565
4621591 	 4622464
4623265 	 4624393
4624398 	 4625190
4630225 	 4630768
4634093 	 4634609
4644775 	 4646362
4647209 	 4647710
4647919 	 4648444
4648650 	 4650540
4650865 	 4651489
4655650 	 4656856
4656996 	 4658268
4658510 	 4659431
4659697 	 4661239
4661971 	 4662844
4666070 	 4666679
4666697 	 4668077
4669441 	 4670281
4670636 	 4671680
4673380 	 4674721
4674773 	 4675853
4676063 	 4677299
4678425 	 4679139
4684924 	 4686070
4687605 	 4688841
4688991 	 4690641
67802 	 68378
4694860 	 4695766
4696662 	 4698132
4698177 	 4698744
4699513 	 4700365
4700420 	 4702103
4702496 	 4703072
4703572 	 4704727
4706602 	 4707232
4711754 	 4712354
4713164 	 4714259
4717231 	 4717846
4724965 	 4725592
4727198 	 4727870
4729711 	 4730263
4734857 	 4737086
4737115 	 4737961
4738410 	 4739727
4747220 	 4748108
4749644 	 4751000
4751078 	 4752524
4764462 	 4765332
4766464 	 4766977
4772088 	 4772607
4775781 	 4776312
4776770 	 4777313
4781270 	 4781900
161071 	 161590
4785898 	 4786429
4786492 	 4787080
4787441 	 4789649
4789734 	 4790454
4791626 	 4792166
4792240 	 4792741
4793054 	 4793795
4794154 	 4794901
4795075 	 4796575
4810584 	 4812231
4814226 	 4814730
4819747 	 4820257
4822631 	 4823639
4823878 	 4825360
4828753 	 4829779
4830100 	 4831042
4831109 	 4831613
4833508 	 4835077
4835513 	 4836866
4836872 	 4838723
4838757 	 4839666
4840137 	 4841418
4841905 	 4842763
4842765 	 4843770
4844401 	 4845451
4846668 	 4848561
4848741 	 4849473
4850019 	 4850718
4850767 	 4851427
4851852 	 4852491
4852493 	 4853657
4853947 	 4855366
4856540 	 4857167
4859490 	 4860843
4861645 	 4862302
4862311 	 4863166
4863327 	 4863852
4876116 	 4876896
4877204 	 4878608
4880819 	 4881425
4881520 	 4882111
4891595 	 4893026
4893148 	 4896802
4898871 	 4899828
4900330 	 4901470
4901543 	 4902506
503123 	 504470
4904300 	 4904927
4905430 	 4905949
4906754 	 4907507
4909824 	 4911096
4913371 	 4914553
4919949 	 4922550
4934192 	 4934924
4936746 	 4937871
4940400 	 4941501
4941572 	 4942583
4946118 	 4946685
4948787 	 4949330
4951278 	 4952085
4954771 	 4955989
4956057 	 4957119
4958537 	 4959134
4967708 	 4968308
4988380 	 4989013
4989532 	 4990087
4991048 	 4991720
4991807 	 4992482
4992548 	 4995185
4995191 	 4995725
4995731 	 4996241
4996251 	 4997163
5000360 	 5001821
5002035 	 5002809
5014970 	 5015810
5016089 	 5018312
5022516 	 5023185
5025408 	 5026578
5027869 	 5029420
5030436 	 5032059
5035745 	 5037221
5038810 	 5039458
5046001 	 5046652
5052147 	 5053314
5053498 	 5054740
161071 	 161590
5061978 	 5062788
5063019 	 5063832
5064388 	 5064976
5065704 	 5066514
5066515 	 5067511
5067572 	 5068277
1970918 	 1971929
5071450 	 5072506
5075529 	 5077563
5077936 	 5079280
5079293 	 5081252
5082853 	 5083672
5084458 	 5087494
5087832 	 5088531
5088536 	 5089280
5089885 	 5093584
5093651 	 5094251
5094423 	 5096460
5099845 	 5101459
5101851 	 5102457
67802 	 68378
5106577 	 5107114
5108952 	 5109693
5109920 	 5111093
5111144 	 5112368
5112373 	 5113144
5115306 	 5116362
5116362 	 5117793
5117813 	 5119046
5120328 	 5121189
5121366 	 5123235
5126421 	 5127111
5127122 	 5128535
5128619 	 5129945
5131431 	 5132043
